12 16
0 3 2 3 0 2 0 2 2 3 2 0 3 2 3 0
3 0 2 0 3 2 3 2 2 0 2 3 0 2 0 3
0 3 2 3 0 2 0 2 2 3 2 0 3 2 3 0
3 0 2 0 3 2 3 2 2 0 2 3 0 2 0 3
0 3 2 3 0 2 0 2 2 3 2 0 3 2 3 0
3 0 2 0 3 2 3 2 2 0 2 3 0 2 0 3
0 3 2 3 0 2 0 2 2 3 2 0 3 2 3 0
3 0 2 0 3 2 3 2 2 0 2 3 0 2 0 3
0 3 2 3 0 2 0 2 2 3 2 0 3 2 3 0
3 0 2 0 3 2 3 2 2 0 2 3 0 2 0 3
0 3 2 3 0 2 0 2 2 3 2 0 3 2 3 0
3 0 2 0 3 2 3 2 2 0 2 3 0 2 0 3

1 3 (5, 2)
1 3 (9, 2)
1 1 (6, 2)
1 1 (7, 2)
1 1 (8, 2)
1 2 (7, 5)
2 3 (5, 15)
2 3 (9, 15)
2 1 (6, 15)
2 1 (7, 15)
2 1 (8, 15)
2 2 (7, 12)
